學號 段考1 段考2 期末考 平時 總分 排名 等級
01     91    97     89   97  93.4    1   A
02     55    52     55   99  67.6   47   C
03     60    72     99   97  85.2   12   A
04     81    65     77   90  79.3   29   B
05     94    95     59   92  83.1   16   A
06     66    57     86  100  80.4   23   A
07     53    52     53   98  66.3   49   C
08     83    50     61  100  74.9   39   B
09     84    90     52   89  77.1   32   B
10     85    63     98   97  88.1    7   A
11     94    75     73   81  80.0   24   A
12     94    76     82   97  87.7    8   A
13     75    55     97   89  81.8   19   A
14     98    56     99  100  90.5    5   A
15     66    83     98   82  83.8   14   A
16     82    66     65   95  77.6   31   B
17     87    63     52   81  69.9   46   C
18     58    67     68   89  72.1   44   B
19     83    87     98   91  90.7    4   A
20     80    54     89   91  80.8   22   A
21     56    58     66   81  66.9   48   C
22     68    89     80   88  81.8   19   A
23     76    79     82   88  82.0   18   A
24     50    98     71   96  79.7   27   B
25     87    93     67   98  85.5   11   A
26     90   100     82   98  92.0    2   A
27     80    62     92   86  81.8   19   A
28    100    92     69   95  87.6    9   A
29     82    65     52   92  72.6   43   B
30     55    79     66   99  76.3   36   B
31     91    95     64   87  82.5   17   A
32     50    76     78   89  75.3   37   B
33     82    62     59   91  73.8   41   B
34     62    63     99   84  79.9   25   B
35     83    89     93   80  86.3   10   A
36     72    58     63   88  71.3   45   B
37     64    69     98   92  83.6   15   A
38     84    82    100   88  89.6    6   A
39     51    58     54   84  63.2   50   C
40     50    93     65   85  73.6   42   B
41     91    62     54   91  74.1   40   B
42     95    53     97   84  83.9   13   A
43     58    94     59   95  76.6   35   B
44     89    51     80   93  79.9   25   B
45     77    79     52  100  76.8   33   B
46     73    66     85   86  79.1   30   B
47     95    52     78   89  79.5   28   B
48     60    92     67   82  75.1   38   B
49    100    80     97   87  91.2    3   A
50     84    67     74   81  76.7   34   B
平均 76.5  72.6   75.9 90.6  79.8
中位數 82    70     78   91  79.9
