42 44 14 41 11 45 
13 8 13 14 22 20 
7 21 15 2 7 36 
26 47 3 3 32 7 
48 35 27 48 21 2 
9 20 23 24 8 19 
41 36 33 46 39 47 
12 3 34 10 1 19 
30 9 19 9 29 26 
46 22 2 40 41 44 
18 47 43 30 44 21 
25 25 8 11 7 41 
15 17 18 14 13 36 
41 21 30 31 26 12 
39 32 18 27 16 45 
40 2 29 5 1 28 
47 25 47 29 32 1 
34 14 18 33 13 4 
20 43 24 32 24 12 
48 48 24 41 2 49 
26 12 48 17 12 23 
38 42 14 48 9 24 
37 18 2 1 42 8 
25 19 23 38 20 45 
1 41 17 8 16 18 
4 6 18 46 48 14 
19 7 45 39 16 39 
38 7 38 16 9 24 
26 47 2 16 16 45 
40 12 7 23 20 34 
1 31 5 40 8 9 
41 16 47 27 5 47 
2 42 21 21 3 3 
29 9 2 22 22 8 
21 7 7 1 14 22 
2 33 14 25 45 20 
11 4 7 36 46 20 
13 47 1 15 33 4 
1 1 1 43 39 23 
31 12 40 5 17 43 
12 23 12 13 21 18 
20 6 47 46 33 38 
18 15 43 9 1 36 
11 14 29 4 31 45 
28 2 33 32 26 16 
30 8 12 37 29 31 
4 12 32 18 26 38 
25 39 17 9 5 2 
26 45 41 18 2 42 
33 14 5 48 46 40 
34 19 17 28 13 21 
5 37 43 7 11 29 
12 30 19 27 12 27 
28 35 10 43 22 14 
47 19 15 33 14 34 
38 15 10 10 34 40 
6 43 5 14 2 3 
22 13 31 29 20 23 
2 23 49 8 29 4 
41 29 20 35 25 6 
48 18 2 30 40 2 
29 29 6 33 38 13 
42 21 6 33 16 44 
13 5 21 8 25 42 
11 49 18 5 5 2 
33 3 20 21 25 43 
40 25 22 44 36 29 
49 23 43 21 16 4 
10 33 1 33 1 29 
25 14 48 34 28 21 
36 42 13 7 39 47 
16 45 24 25 31 12 
29 31 21 7 12 16 
40 13 14 36 32 13 
34 7 43 24 1 16 
41 19 19 37 21 39 
26 25 24 5 38 5 
39 45 1 25 8 7 
44 16 44 5 27 30 
22 44 39 23 11 14 
43 35 19 9 31 20 
29 1 44 30 42 3 
43 18 26 48 14 32 
4 39 40 29 29 32 
33 41 4 49 42 19 
35 10 48 29 5 8 
41 27 43 12 31 25 
45 37 36 23 12 25 
40 21 1 21 3 22 
10 13 44 41 6 17 
6 36 9 43 2 24 
46 40 47 17 46 49 
8 31 26 40 10 48 
1 30 36 46 7 11 
10 38 22 19 27 28 
22 32 22 22 24 9 
43 15 2 15 49 9 
8 41 40 19 45 13 
42 24 11 34 30 23 
23 15 21 3 19 44 
